178.5355560549445 164.5497023578335 83.51797355591205
23.13799322781403 162.7236263258566 210.5098308817322
58.95218615149893 144.8231966303011 7.416043841833807
182.8736098803877 166.5387351616043 158.2029927602838
110.7713411628785 186.5730748608108 194.8305860209265
209.0034571020078 147.9433020963783 65.54137320586787
173.6012740295241 158.3326126635818 5.029763538572898
190.5761349629296 185.3090925858168 128.2296985904562
44.80074213989498 212.43509891427 151.6956880532281
95.43759075601447 237.3993216015255 161.3474398214776
122.8794719103687 225.9176860743079 247.3324561371257
224.7288334366152 184.6013310412056 90.47187485730791
15.79392251705939 130.4373252852431 247.8799033884551
72.93820852398278 106.9628333683971 146.2806336604292
76.39461265172247 3.628177879965429 195.4223702820723
86.95463751188409 229.579524712239 212.174335992475
215.8750031690539 53.2774697340502 122.6093674834466
95.44338611824264 138.6496179345148 109.6200820940714
181.3294382150812 228.0768978977336 124.3346782244659
13.19247679715368 53.01022885404183 36.34218566780591
